<?xml version="1.0"?>
<opencv_storage>
<calibration_time>"Sat Apr 22 15:39:05 2023"</calibration_time>
<image_width>1080</image_width>
<image_height>1920</image_height>
<aspectRatio>1.</aspectRatio>
<flags>2</flags>
<camera_matrix type_id="opencv-matrix">
  <rows>3</rows>
  <cols>3</cols>
  <dt>d</dt>
  <data>
    1.6768551625495238e+03 0. 5.4477367129933964e+02 0.
    1.6768551625495238e+03 9.6525309716317315e+02 0. 0. 1.</data></camera_matrix>
<distortion_coefficients type_id="opencv-matrix">
  <rows>1</rows>
  <cols>5</cols>
  <dt>d</dt>
  <data>
    1.6288479275179801e-01 -5.3069892396399265e-01 0. 0.
    6.8297876513131883e-01</data></distortion_coefficients>
<avg_reprojection_error>1.0280273882742832e+00</avg_reprojection_error>
</opencv_storage>
